47
ASU47554__KX774634.1   0.000000 0.796758 0.854589 0.835526 0.760045 0.850877 0.825658 0.854962 0.817982 0.857143 0.838164 0.737939 0.730634 0.831140 0.848101 0.848837 0.744518 0.836158 0.800000 0.865979 0.709981 0.817982 0.736842 0.706140 0.734649 0.735746 0.836623 0.800000 0.735746 0.858491 0.836623 0.839623 0.832237 0.832117 0.834430 0.833333 0.734649 0.773333 0.800000 0.813333 0.735746 0.760000 0.735746 0.737939 0.826754 0.780702 0.850877
ASM94093__MF190050.1   0.796758 0.000000 0.758105 0.834165 0.826683 0.862843 0.870324 0.847328 0.852868 0.857143 0.903990 0.785536 0.822183 0.859102 0.875949 0.872093 0.806733 0.890772 0.813333 0.845361 0.809793 0.836658 0.812968 0.795511 0.827930 0.786783 0.835411 0.826667 0.786783 0.849057 0.840399 0.849057 0.829177 0.846715 0.850374 0.844444 0.827930 0.840000 0.853333 0.840000 0.786783 0.840000 0.786783 0.785536 0.875312 0.824190 0.817955
ASM94092__MF190049.1   0.854589 0.758105 0.000000 0.859356 0.858164 0.868892 0.868892 0.862595 0.855781 0.834586 0.879227 0.829559 0.832746 0.872467 0.855696 0.848837 0.846246 0.898305 0.826667 0.845361 0.832392 0.855781 0.843862 0.830751 0.840286 0.830751 0.851013 0.840000 0.828367 0.849057 0.853397 0.839623 0.846246 0.846715 0.874851 0.844444 0.840286 0.853333 0.826667 0.840000 0.828367 0.853333 0.830751 0.829559 0.852205 0.855781 0.860548
AMO03244__KU754529.1   0.835526 0.834165 0.859356 0.000000 0.812500 0.877919 0.876201 0.847328 0.636273 0.857143 0.613527 0.832994 0.797535 0.877800 0.587342 0.837209 0.818750 0.077213 0.853333 0.855670 0.862524 0.140281 0.837233 0.832285 0.854060 0.842159 0.142285 0.840000 0.838250 0.811321 0.129259 0.820755 0.120240 0.854015 0.604208 0.844444 0.854060 0.826667 0.853333 0.826667 0.838250 0.813333 0.842159 0.832994 0.641283 0.850701 0.637275
AMO03241__KU754526.1   0.760045 0.826683 0.858164 0.812500 0.000000 0.880580 0.867188 0.839695 0.824777 0.849624 0.815217 0.765625 0.757042 0.872768 0.810127 0.837209 0.746652 0.853107 0.853333 0.855670 0.719397 0.840402 0.739955 0.723214 0.767857 0.763393 0.818080 0.826667 0.758929 0.858491 0.821429 0.858491 0.818080 0.854015 0.823661 0.822222 0.767857 0.840000 0.826667 0.826667 0.758929 0.866667 0.763393 0.765625 0.829241 0.766741 0.808036
YP_009175040__JQ943579 0.850877 0.862843 0.868892 0.877919 0.880580 0.000000 0.703308 0.854962 0.870488 0.857143 0.891304 0.852442 0.829225 0.704883 0.848101 0.837209 0.838641 0.898305 0.826667 0.845361 0.851224 0.880042 0.857749 0.857749 0.855626 0.851380 0.881104 0.813333 0.841826 0.830189 0.880042 0.839623 0.882166 0.839416 0.869427 0.844444 0.855626 0.840000 0.826667 0.800000 0.841826 0.840000 0.851380 0.852442 0.880042 0.856688 0.874735
YP_009173859__HM030970 0.825658 0.870324 0.868892 0.876201 0.867188 0.703308 0.000000 0.847328 0.879402 0.842105 0.897343 0.843116 0.834507 0.621131 0.832911 0.813953 0.867663 0.885122 0.813333 0.855670 0.826742 0.871932 0.877268 0.838847 0.871932 0.860192 0.871932 0.800000 0.850587 0.830189 0.870864 0.830189 0.872999 0.839416 0.887940 0.844444 0.871932 0.826667 0.800000 0.826667 0.850587 0.840000 0.860192 0.843116 0.880470 0.858058 0.868730
YP_004207811__HQ259079 0.854962 0.847328 0.862595 0.847328 0.839695 0.854962 0.847328 0.000000 0.854962 0.343511 0.847328 0.839695 0.847328 0.847328 0.870229 0.848837 0.847328 0.870229 0.840000 0.659794 0.854962 0.854962 0.839695 0.847328 0.839695 0.839695 0.854962 0.840000 0.862595 0.726415 0.854962 0.726415 0.870229 0.694656 0.847328 0.855556 0.839695 0.840000 0.840000 0.840000 0.862595 0.840000 0.839695 0.839695 0.847328 0.877863 0.839695
YP_004207810__HQ259079 0.817982 0.852868 0.855781 0.636273 0.824777 0.870488 0.879402 0.854962 0.000000 0.879699 0.555556 0.815682 0.788732 0.872709 0.716456 0.848837 0.820833 0.612053 0.840000 0.835052 0.834275 0.622244 0.833164 0.832285 0.840699 0.829939 0.625251 0.840000 0.813835 0.839623 0.630261 0.830189 0.642285 0.861314 0.549855 0.855556 0.840699 0.840000 0.840000 0.853333 0.813835 0.840000 0.829939 0.815682 0.268151 0.830375 0.623427
NP_919037__AY222839    0.857143 0.857143 0.834586 0.857143 0.849624 0.857143 0.842105 0.343511 0.879699 0.000000 0.842105 0.834586 0.849624 0.834586 0.872180 0.790698 0.849624 0.864662 0.840000 0.711340 0.857143 0.864662 0.827068 0.827068 0.842105 0.849624 0.857143 0.853333 0.827068 0.764151 0.872180 0.783019 0.872180 0.736842 0.842105 0.866667 0.842105 0.853333 0.840000 0.826667 0.827068 0.853333 0.849624 0.834586 0.849624 0.864662 0.879699
AKP18615__KR003799.1   0.838164 0.903990 0.879227 0.613527 0.815217 0.891304 0.897343 0.847328 0.555556 0.842105 0.000000 0.834541 0.794014 0.878019 0.762025 0.825581 0.832126 0.627119 0.840000 0.865979 0.864407 0.601449 0.846618 0.849034 0.827295 0.832126 0.602657 0.826667 0.807971 0.858491 0.605072 0.811321 0.615942 0.861314 0.514493 0.822222 0.827295 0.853333 0.840000 0.826667 0.807971 0.840000 0.832126 0.834541 0.538647 0.834541 0.588164
ACN58225__FJ748760.1   0.737939 0.785536 0.829559 0.832994 0.765625 0.852442 0.843116 0.839695 0.815682 0.834586 0.834541 0.000000 0.776408 0.847251 0.822785 0.837209 0.783333 0.853107 0.826667 0.845361 0.743879 0.837067 0.793279 0.750524 0.790339 0.113035 0.839104 0.800000 0.124236 0.849057 0.837067 0.830189 0.828921 0.846715 0.811609 0.833333 0.790339 0.826667 0.826667 0.813333 0.124236 0.826667 0.113035 0.000000 0.815682 0.795316 0.818737
AKA58518__KP263548.1   0.730634 0.822183 0.832746 0.797535 0.757042 0.829225 0.834507 0.847328 0.788732 0.849624 0.794014 0.776408 0.000000 0.832746 0.883544 0.837209 0.633803 0.894539 0.853333 0.845361 0.787194 0.788732 0.718310 0.758803 0.672535 0.769366 0.785211 0.853333 0.774648 0.839623 0.788732 0.820755 0.802817 0.868613 0.813380 0.822222 0.672535 0.853333 0.840000 0.866667 0.774648 0.853333 0.769366 0.776408 0.790493 0.697183 0.804577
YP_004221742__HM030972 0.831140 0.859102 0.872467 0.877800 0.872768 0.704883 0.621131 0.847328 0.872709 0.834586 0.878019 0.847251 0.832746 0.000000 0.837975 0.825581 0.844792 0.896422 0.840000 0.845361 0.821092 0.875764 0.851324 0.839623 0.871531 0.853360 0.869654 0.840000 0.841141 0.830189 0.876782 0.820755 0.867617 0.846715 0.877800 0.788889 0.871531 0.840000 0.840000 0.813333 0.841141 0.813333 0.853360 0.847251 0.883910 0.853360 0.871690
AIL48199__KM112247.1   0.848101 0.875949 0.855696 0.587342 0.810127 0.848101 0.832911 0.870229 0.716456 0.872180 0.762025 0.822785 0.883544 0.837975 0.000000 0.825581 0.794937 0.891139 0.866667 0.865979 0.881013 0.567089 0.815190 0.782278 0.805063 0.825316 0.572152 0.853333 0.810127 0.849057 0.579747 0.830189 0.579747 0.861314 0.658228 0.833333 0.805063 0.866667 0.853333 0.866667 0.810127 0.853333 0.825316 0.822785 0.693671 0.832911 0.698734
AIO11153__KJ632942.1   0.848837 0.872093 0.848837 0.837209 0.837209 0.837209 0.813953 0.848837 0.848837 0.790698 0.825581 0.837209 0.837209 0.825581 0.825581 0.000000 0.825581 0.860465 0.880000 0.860465 0.813953 0.848837 0.825581 0.825581 0.813953 0.813953 0.825581 0.866667 0.779070 0.825581 0.825581 0.848837 0.779070 0.848837 0.813953 0.767442 0.813953 0.866667 0.866667 0.853333 0.779070 0.866667 0.813953 0.837209 0.837209 0.860465 0.837209
AIO11151__KJ632942.1   0.744518 0.806733 0.846246 0.818750 0.746652 0.838641 0.867663 0.847328 0.820833 0.849624 0.832126 0.783333 0.633803 0.844792 0.794937 0.825581 0.000000 0.854991 0.800000 0.845361 0.683616 0.834375 0.735417 0.735849 0.592708 0.775000 0.839583 0.840000 0.778125 0.839623 0.840625 0.820755 0.817708 0.839416 0.816667 0.855556 0.592708 0.840000 0.800000 0.813333 0.778125 0.826667 0.775000 0.782292 0.822917 0.660417 0.816667
AGN73379__KF170225.1   0.836158 0.890772 0.898305 0.077213 0.853107 0.898305 0.885122 0.870229 0.612053 0.864662 0.627119 0.853107 0.894539 0.896422 0.891139 0.860465 0.854991 0.000000 0.853333 0.876289 0.894539 0.116761 0.883239 0.864407 0.866290 0.856874 0.120527 0.840000 0.845574 0.830189 0.097928 0.839623 0.118644 0.861314 0.604520 0.866667 0.866290 0.840000 0.853333 0.840000 0.845574 0.813333 0.856874 0.853107 0.627119 0.890772 0.634652
AGQ16353__JN189909.2   0.800000 0.813333 0.826667 0.853333 0.853333 0.826667 0.813333 0.840000 0.840000 0.840000 0.840000 0.826667 0.853333 0.840000 0.866667 0.880000 0.800000 0.853333 0.000000 0.813333 0.840000 0.826667 0.840000 0.840000 0.800000 0.826667 0.813333 0.053333 0.826667 0.880000 0.813333 0.840000 0.840000 0.813333 0.840000 0.866667 0.800000 0.173333 0.066667 0.240000 0.826667 0.186667 0.826667 0.826667 0.813333 0.840000 0.840000
3G80B__undef           0.865979 0.845361 0.845361 0.855670 0.855670 0.845361 0.855670 0.659794 0.835052 0.711340 0.865979 0.845361 0.845361 0.845361 0.865979 0.860465 0.845361 0.876289 0.813333 0.000000 0.855670 0.876289 0.855670 0.855670 0.824742 0.855670 0.865979 0.813333 0.835052 0.804124 0.886598 0.793814 0.865979 0.195876 0.845361 0.866667 0.824742 0.813333 0.800000 0.800000 0.835052 0.826667 0.855670 0.835052 0.855670 0.855670 0.824742
AFM44932__JN661162.1   0.709981 0.809793 0.832392 0.862524 0.719397 0.851224 0.826742 0.854962 0.834275 0.857143 0.864407 0.743879 0.787194 0.821092 0.881013 0.813953 0.683616 0.894539 0.840000 0.855670 0.000000 0.856874 0.521657 0.694915 0.674200 0.774011 0.858757 0.826667 0.738230 0.839623 0.851224 0.858491 0.851224 0.832117 0.847458 0.866667 0.674200 0.800000 0.866667 0.800000 0.738230 0.800000 0.774011 0.743879 0.828625 0.738230 0.841808
AEQ39075__JF461541.1   0.817982 0.836658 0.855781 0.140281 0.840402 0.880042 0.871932 0.854962 0.622244 0.864662 0.601449 0.837067 0.788732 0.875764 0.567089 0.848837 0.834375 0.116761 0.826667 0.876289 0.856874 0.000000 0.839268 0.824948 0.860226 0.836049 0.056112 0.813333 0.841302 0.849057 0.062124 0.849057 0.168337 0.868613 0.609218 0.833333 0.860226 0.840000 0.840000 0.813333 0.841302 0.813333 0.836049 0.837067 0.625251 0.857715 0.642285
ADF97523__GU976287.1   0.736842 0.812968 0.843862 0.837233 0.739955 0.857749 0.877268 0.839695 0.833164 0.827068 0.846618 0.793279 0.718310 0.851324 0.815190 0.825581 0.735417 0.883239 0.840000 0.855670 0.521657 0.839268 0.000000 0.744235 0.706064 0.787169 0.836216 0.840000 0.783316 0.839623 0.840285 0.839623 0.838250 0.839416 0.826043 0.811111 0.706064 0.826667 0.840000 0.813333 0.783316 0.800000 0.787169 0.793279 0.836216 0.757884 0.832146
ADI48250__HM228873.1   0.706140 0.795511 0.830751 0.832285 0.723214 0.857749 0.838847 0.847328 0.832285 0.827068 0.849034 0.750524 0.758803 0.839623 0.782278 0.825581 0.735849 0.864407 0.840000 0.855670 0.694915 0.824948 0.744235 0.000000 0.759958 0.754717 0.822851 0.826667 0.752621 0.839623 0.834382 0.839623 0.838574 0.839416 0.830189 0.811111 0.759958 0.826667 0.840000 0.813333 0.752621 0.813333 0.754717 0.750524 0.827044 0.765199 0.836478
AAF71691__AF171942.1   0.734649 0.827930 0.840286 0.854060 0.767857 0.855626 0.871932 0.839695 0.840699 0.842105 0.827295 0.790339 0.672535 0.871531 0.805063 0.813953 0.592708 0.866290 0.800000 0.824742 0.674200 0.860226 0.706064 0.759958 0.000000 0.786228 0.856115 0.813333 0.782117 0.830189 0.858171 0.849057 0.855087 0.824818 0.839671 0.822222 0.000000 0.813333 0.813333 0.786667 0.782117 0.813333 0.786228 0.796506 0.839671 0.663926 0.829394
ABY87293__EU236148.1   0.735746 0.786783 0.830751 0.842159 0.763393 0.851380 0.860192 0.839695 0.829939 0.849624 0.832126 0.113035 0.769366 0.853360 0.825316 0.813953 0.775000 0.856874 0.826667 0.855670 0.774011 0.836049 0.787169 0.754717 0.786228 0.000000 0.836049 0.800000 0.125255 0.839623 0.834012 0.830189 0.835031 0.839416 0.807536 0.800000 0.786228 0.813333 0.800000 0.813333 0.125255 0.813333 0.000000 0.113035 0.824847 0.794297 0.825866
ABS29339__EF690537.1   0.836623 0.835411 0.851013 0.142285 0.818080 0.881104 0.871932 0.854962 0.625251 0.857143 0.602657 0.839104 0.785211 0.869654 0.572152 0.825581 0.839583 0.120527 0.813333 0.865979 0.858757 0.056112 0.836216 0.822851 0.856115 0.836049 0.000000 0.813333 0.831129 0.830189 0.064128 0.839623 0.166333 0.861314 0.602204 0.800000 0.856115 0.826667 0.840000 0.813333 0.831129 0.813333 0.836049 0.839104 0.629259 0.850701 0.642285
ABN09222__EF205028.1   0.800000 0.826667 0.840000 0.840000 0.826667 0.813333 0.800000 0.840000 0.840000 0.853333 0.826667 0.800000 0.853333 0.840000 0.853333 0.866667 0.840000 0.840000 0.053333 0.813333 0.826667 0.813333 0.840000 0.826667 0.813333 0.800000 0.813333 0.000000 0.826667 0.880000 0.813333 0.840000 0.826667 0.813333 0.800000 0.853333 0.813333 0.133333 0.053333 0.240000 0.826667 0.186667 0.800000 0.800000 0.826667 0.840000 0.840000
BAB64329__AB056571.1   0.735746 0.786783 0.828367 0.838250 0.758929 0.841826 0.850587 0.862595 0.813835 0.827068 0.807971 0.124236 0.774648 0.841141 0.810127 0.779070 0.778125 0.845574 0.826667 0.835052 0.738230 0.841302 0.783316 0.752621 0.782117 0.125255 0.831129 0.826667 0.000000 0.839623 0.837233 0.830189 0.835198 0.839416 0.827060 0.844444 0.782117 0.840000 0.840000 0.813333 0.000000 0.813333 0.125255 0.124236 0.832146 0.798576 0.810783
CAA26240.1__X02396.1   0.858491 0.849057 0.849057 0.811321 0.858491 0.830189 0.830189 0.726415 0.839623 0.764151 0.858491 0.849057 0.839623 0.830189 0.849057 0.825581 0.839623 0.830189 0.880000 0.804124 0.839623 0.849057 0.839623 0.839623 0.830189 0.839623 0.830189 0.880000 0.839623 0.000000 0.839623 0.226415 0.830189 0.783019 0.820755 0.844444 0.830189 0.853333 0.880000 0.840000 0.839623 0.840000 0.839623 0.849057 0.867925 0.830189 0.839623
CAA26238.1__X02396.1   0.836623 0.840399 0.853397 0.129259 0.821429 0.880042 0.870864 0.854962 0.630261 0.872180 0.605072 0.837067 0.788732 0.876782 0.579747 0.825581 0.840625 0.097928 0.813333 0.886598 0.851224 0.062124 0.840285 0.834382 0.858171 0.834012 0.064128 0.813333 0.837233 0.839623 0.000000 0.830189 0.161323 0.861314 0.608216 0.811111 0.858171 0.826667 0.813333 0.813333 0.837233 0.800000 0.834012 0.837067 0.637275 0.852705 0.645291
AAK15752.1__AF329080.1 0.839623 0.849057 0.839623 0.820755 0.858491 0.839623 0.830189 0.726415 0.830189 0.783019 0.811321 0.830189 0.820755 0.820755 0.830189 0.848837 0.820755 0.839623 0.840000 0.793814 0.858491 0.849057 0.839623 0.839623 0.849057 0.830189 0.839623 0.840000 0.830189 0.226415 0.830189 0.000000 0.830189 0.754717 0.839623 0.822222 0.839623 0.853333 0.840000 0.840000 0.830189 0.853333 0.830189 0.830189 0.839623 0.820755 0.830189
AAK15751.1__AF329080.1 0.832237 0.829177 0.846246 0.120240 0.818080 0.882166 0.872999 0.870229 0.642285 0.872180 0.615942 0.828921 0.802817 0.867617 0.579747 0.779070 0.817708 0.118644 0.840000 0.865979 0.851224 0.168337 0.838250 0.838574 0.855087 0.835031 0.166333 0.826667 0.835198 0.830189 0.161323 0.830189 0.000000 0.854015 0.624248 0.855556 0.855087 0.826667 0.813333 0.826667 0.835198 0.800000 0.835031 0.828921 0.645291 0.851703 0.648297
AAF97861.1__AF174533.1 0.832117 0.846715 0.846715 0.854015 0.854015 0.839416 0.839416 0.694656 0.861314 0.736842 0.861314 0.846715 0.868613 0.846715 0.861314 0.848837 0.839416 0.861314 0.813333 0.195876 0.832117 0.868613 0.839416 0.839416 0.824818 0.839416 0.861314 0.813333 0.839416 0.783019 0.861314 0.754717 0.854015 0.000000 0.839416 0.844444 0.839416 0.800000 0.800000 0.800000 0.839416 0.826667 0.846715 0.846715 0.868613 0.861314 0.839416
AAF97860.1__AF174533.1 0.834430 0.850374 0.874851 0.604208 0.823661 0.869427 0.887940 0.847328 0.549855 0.842105 0.514493 0.811609 0.813380 0.877800 0.658228 0.813953 0.816667 0.604520 0.840000 0.845361 0.847458 0.609218 0.826043 0.830189 0.839671 0.807536 0.602204 0.800000 0.827060 0.820755 0.608216 0.839623 0.624248 0.839416 0.000000 0.844444 0.839671 0.826667 0.826667 0.826667 0.827060 0.826667 0.807536 0.811609 0.558006 0.848126 0.614573
AAF71692.1__AF171942.1 0.833333 0.844444 0.844444 0.844444 0.822222 0.844444 0.844444 0.855556 0.855556 0.866667 0.822222 0.833333 0.822222 0.788889 0.833333 0.767442 0.855556 0.866667 0.866667 0.866667 0.866667 0.833333 0.811111 0.811111 0.822222 0.800000 0.800000 0.853333 0.844444 0.844444 0.811111 0.822222 0.855556 0.844444 0.844444 0.000000 0.822222 0.853333 0.853333 0.866667 0.844444 0.866667 0.800000 0.855556 0.833333 0.822222 0.833333
AAF71691__AF171942.1.1 0.734649 0.827930 0.840286 0.854060 0.767857 0.855626 0.871932 0.839695 0.840699 0.842105 0.827295 0.790339 0.672535 0.871531 0.805063 0.813953 0.592708 0.866290 0.800000 0.824742 0.674200 0.860226 0.706064 0.759958 0.000000 0.786228 0.856115 0.813333 0.782117 0.830189 0.858171 0.839623 0.855087 0.839416 0.839671 0.822222 0.000000 0.813333 0.813333 0.786667 0.782117 0.813333 0.786228 0.796506 0.839671 0.663926 0.829394
ACF36169.1__EU826137.1 0.773333 0.840000 0.853333 0.826667 0.840000 0.840000 0.826667 0.840000 0.840000 0.853333 0.853333 0.826667 0.853333 0.840000 0.866667 0.866667 0.840000 0.840000 0.173333 0.813333 0.800000 0.840000 0.826667 0.826667 0.813333 0.813333 0.826667 0.133333 0.840000 0.853333 0.826667 0.853333 0.826667 0.800000 0.826667 0.853333 0.813333 0.000000 0.173333 0.213333 0.826667 0.093333 0.826667 0.826667 0.826667 0.840000 0.840000
AAQ90062.1__AY324869.1 0.800000 0.853333 0.826667 0.853333 0.826667 0.826667 0.800000 0.840000 0.840000 0.840000 0.840000 0.826667 0.840000 0.840000 0.853333 0.866667 0.800000 0.853333 0.066667 0.800000 0.866667 0.840000 0.840000 0.840000 0.813333 0.800000 0.840000 0.053333 0.840000 0.880000 0.813333 0.840000 0.813333 0.800000 0.826667 0.853333 0.813333 0.173333 0.000000 0.266667 0.826667 0.213333 0.800000 0.826667 0.840000 0.840000 0.813333
BAB64330.1__AB056571.1 0.813333 0.840000 0.840000 0.826667 0.826667 0.800000 0.826667 0.840000 0.853333 0.826667 0.826667 0.813333 0.866667 0.813333 0.866667 0.853333 0.813333 0.840000 0.240000 0.800000 0.800000 0.813333 0.813333 0.813333 0.786667 0.813333 0.813333 0.240000 0.813333 0.840000 0.813333 0.840000 0.826667 0.800000 0.826667 0.866667 0.786667 0.213333 0.266667 0.000000 0.813333 0.226667 0.813333 0.813333 0.840000 0.840000 0.826667
BAB64329__AB056571.1.1 0.735746 0.786783 0.828367 0.838250 0.758929 0.841826 0.850587 0.862595 0.813835 0.827068 0.807971 0.124236 0.774648 0.841141 0.810127 0.779070 0.778125 0.845574 0.826667 0.835052 0.738230 0.841302 0.783316 0.752621 0.782117 0.125255 0.831129 0.826667 0.000000 0.839623 0.837233 0.830189 0.835198 0.839416 0.827060 0.844444 0.782117 0.826667 0.826667 0.813333 0.000000 0.813333 0.125255 0.124236 0.832146 0.798576 0.810783
ABY87294.1__EU236148.1 0.760000 0.840000 0.853333 0.813333 0.866667 0.840000 0.840000 0.840000 0.840000 0.853333 0.840000 0.826667 0.853333 0.813333 0.853333 0.866667 0.826667 0.813333 0.186667 0.826667 0.800000 0.813333 0.800000 0.813333 0.813333 0.813333 0.813333 0.186667 0.813333 0.840000 0.800000 0.853333 0.800000 0.826667 0.826667 0.866667 0.813333 0.093333 0.213333 0.226667 0.813333 0.000000 0.813333 0.826667 0.826667 0.840000 0.826667
ABY87293__EU236148.1.1 0.735746 0.786783 0.830751 0.842159 0.763393 0.851380 0.860192 0.839695 0.829939 0.849624 0.832126 0.113035 0.769366 0.853360 0.825316 0.813953 0.775000 0.856874 0.826667 0.855670 0.774011 0.836049 0.787169 0.754717 0.786228 0.000000 0.836049 0.800000 0.125255 0.839623 0.834012 0.830189 0.835031 0.846715 0.807536 0.800000 0.786228 0.826667 0.800000 0.813333 0.125255 0.813333 0.000000 0.113035 0.824847 0.794297 0.825866
ACN58225__FJ748760.1.1 0.737939 0.785536 0.829559 0.832994 0.765625 0.852442 0.843116 0.839695 0.815682 0.834586 0.834541 0.000000 0.776408 0.847251 0.822785 0.837209 0.782292 0.853107 0.826667 0.835052 0.743879 0.837067 0.793279 0.750524 0.796506 0.113035 0.839104 0.800000 0.124236 0.849057 0.837067 0.830189 0.828921 0.846715 0.811609 0.855556 0.796506 0.826667 0.826667 0.813333 0.124236 0.826667 0.113035 0.000000 0.815682 0.795316 0.818737
AAQ54758.2__AY231436.2 0.826754 0.875312 0.852205 0.641283 0.829241 0.880042 0.880470 0.847328 0.268151 0.849624 0.538647 0.815682 0.790493 0.883910 0.693671 0.837209 0.822917 0.627119 0.813333 0.855670 0.828625 0.625251 0.836216 0.827044 0.839671 0.824847 0.629259 0.826667 0.832146 0.867925 0.637275 0.839623 0.645291 0.868613 0.558006 0.833333 0.839671 0.826667 0.840000 0.840000 0.832146 0.826667 0.824847 0.815682 0.000000 0.850099 0.620096
AAY27743.1__AY962576.1 0.780702 0.824190 0.855781 0.850701 0.766741 0.856688 0.858058 0.877863 0.830375 0.864662 0.834541 0.795316 0.697183 0.853360 0.832911 0.860465 0.660417 0.890772 0.840000 0.855670 0.738230 0.857715 0.757884 0.765199 0.663926 0.794297 0.850701 0.840000 0.798576 0.830189 0.852705 0.820755 0.851703 0.861314 0.848126 0.822222 0.663926 0.840000 0.840000 0.840000 0.798576 0.840000 0.794297 0.795316 0.850099 0.000000 0.852071
midge1-967_9__         0.850877 0.817955 0.860548 0.637275 0.808036 0.874735 0.868730 0.839695 0.623427 0.879699 0.588164 0.818737 0.804577 0.871690 0.698734 0.837209 0.816667 0.634652 0.840000 0.824742 0.841808 0.642285 0.832146 0.836478 0.829394 0.825866 0.642285 0.840000 0.810783 0.839623 0.645291 0.830189 0.648297 0.839416 0.614573 0.833333 0.829394 0.840000 0.813333 0.826667 0.810783 0.826667 0.825866 0.818737 0.620096 0.852071 0.000000
